n <-c (1,2.4,5)
O <-c (3,4.4,5.5)
n+O
n-O
n/O
n%%O
x<-c(8)
y<-(20)
x<-c(9)
y<-c(30)
8^2
x+y  
P <-c(8,9,10)
Q <-c(10,12,15)
P>Q
P<Q
P==Q
P>=Q
Q>=P
P!=Q
S<-c(3,44,5)
T<-c(4,45,6)
S==T
S>T
S<T
